N	DutyCycle	Density	Recv	GGen	GSrc	GFwd	CAll	CShare	CGem	DGen	DSrc	DFwd	DRecv	DDrop	DFlood	DXmit	DRecv	BCtrl	BG	BDXmit	BDRecv	SimTime	MobModel
9	10	5	100	135	135	1080	2814	1466	1466	40	40	0	40	0	0	40	40	235185	235185	24920	24920	8	1
9	10	10	100	135	135	1080	2812	1464	1464	40	40	0	40	0	0	40	40	229651	229651	24920	24920	6	2
9	10	5	100	135	135	1080	2812	1464	1464	40	40	0	40	0	0	40	40	229651	229651	24920	24920	6	3
10	10	10	100	194	194	1746	3716	2217	2217	40	40	80	40	0	0	120	40	345738	345738	74760	24920	6	1
10	10	5	100	194	194	1746	3716	2217	2217	40	40	80	40	0	0	120	40	345738	345738	74760	24920	6	2
10	10	10	100	150	150	1350	3278	1779	1779	40	40	0	40	0	0	40	40	285648	285648	24920	24920	10	3
10	10	5	100	150	150	1350	3278	1779	1779	40	40	0	40	0	0	40	40	285648	285648	24920	24920	10	1
10	10	10	100	150	150	1350	3276	1777	1777	40	40	0	40	0	0	40	40	278394	278394	24920	24920	6	2
10	10	5	100	150	150	1350	3276	1777	1777	40	40	0	40	0	0	40	40	278394	278394	24920	24920	6	3
4	10	10	100	104	104	312	1121	524	524	40	40	80	40	0	0	120	40	82015	82015	74760	24920	3	1
4	10	5	100	104	104	312	1121	524	524	40	40	80	40	0	0	120	40	82015	82015	74760	24920	3	2
4	10	10	100	60	60	180	948	351	351	40	40	0	40	0	0	40	40	55840	55840	24920	24920	3	3
4	10	5	100	60	60	180	948	351	351	40	40	0	40	0	0	40	40	55840	55840	24920	24920	3	1
4	10	10	100	60	60	180	946	349	349	40	40	40	40	0	0	80	40	55102	55102	49840	24920	3	2
4	10	5	100	60	60	180	946	349	349	40	40	40	40	0	0	80	40	55102	55102	49840	24920	3	3
9	10	10	100	179	179	1432	3206	1858	1858	40	40	80	40	0	0	120	40	289869	289869	74760	24920	6	1
9	10	5	100	179	179	1432	3206	1858	1858	40	40	80	40	0	0	120	40	289869	289869	74760	24920	6	2
9	10	10	100	135	135	1080	2814	1466	1466	40	40	0	40	0	0	40	40	235185	235185	24920	24920	8	3
