Version	Duty_Cycle	Data_Rate	Error_Rate	Contention_Range	Num_Nodes	Recv	Expected_Gem_Gen	GEM_Gen	GEM_Src	GEM_Fwd	GEM_Gen_Fwd	Expected_Data_Gen	Data_Gen	Data_Src	Data_Fwd	Data_Gen_Fwd	Data_Recv	Dropped	Flooded	LinkState_Forwards	LinkState_No_Entry	SimulationDuration
0.8	10	1	0	250	125	0.89938979		1157	1157	143342	144499	6705	6719	6719	16421	23140	6043	0	0	11383	11757	150
0.8	10	2	0	250	125	0.925881828		1179	1179	146196	147375	6705	6719	6719	11945	18664	6221	0	0	11342	7322	150
0.8	10	5	0	250	125	0.938086025		1182	1182	146568	147750	6705	6719	6719	11790	18509	6303	0	0	11337	7172	150
0.8	10	10	0	250	125	0.940467331		1183	1183	146692	147875	6705	6719	6719	11885	18604	6319	0	0	11446	7158	150	
0.8	100	1	0	250	125	0.24822896		1219	1219	101506	102725	67050	67051	67051	51351	118402	16644	0	0	50197	68205	150	
0.8	100	2	0	250	125	0.377652831		1217	1217	117379	118596	67050	67051	67051	89112	156163	25322	0	0	65761	90402	150	
0.8	100	5	0	250	125	0.683375341		1184	1184	141135	142319	67050	67051	67051	144837	211888	45821	0	0	94326	117562	150	
0.8	100	10	0	250	125	0.886041968		1178	1178	144704	145882	67050	67051	67051	143901	210952	59410	0	0	111593	99359	150	
0.8	10	1	0	500	125	0.466438458		1228	1228	117707	118935	6705	6719	6719	9381	16100	3134	0	0	7039	9061	150	
0.8	10	2	0	500	125	0.751897604		1261	1261	147737	148998	6705	6719	6719	17107	23826	5052	0	0	9668	14158	150	
0.8	10	5	0	500	125	0.938681351		1183	1183	146692	147875	6705	6719	6719	13075	19794	6307	0	0	11359	8435	150	
0.8	10	10	0	500	125	0.936151213		1183	1183	146692	147875	6705	6719	6719	11836	18555	6290	0	0	11283	7272	150	
0.8	100	1	0	500	125	0.119595532		1042	1042	66909	67951	67050	67051	67051	17396	84447	8019	0	0	37155	47292	150	
0.8	100	2	0	500	125	0.218788683		1159	1159	89002	90161	67050	67051	67051	37128	104179	14670	0	0	43697	60482	150	
0.8	100	5	0	500	125	0.395922507		1240	1240	119277	120517	67050	67051	67051	80436	147487	26547	0	0	59941	87546	150	
0.8	100	10	0	500	125	0.528597635		1208	1208	132742	133950	67050	67051	67051	125982	193033	35443	0	0	77458	115575	150	
